<?xml version="1.0"?>
<opencv_storage>
<cameraMatrix type_id="opencv-matrix">
  <rows>3</rows>
  <cols>3</cols>
  <dt>d</dt>
  <data>
    5.104776e+02 0. 3.251435e+02 0.
    5.134584e+02 2.498944e+02 0. 0. 1.</data></cameraMatrix>
<distCoeffs type_id="opencv-matrix">
  <rows>1</rows>
  <cols>5</cols>
  <dt>d</dt>
  <data>
    1.0460073474363372e-02 2.1370762071123486e-01
    -2.6275158159372899e-03 -1.2707536145594108e-02
    -3.2513042579033630e-01</data></distCoeffs>
</opencv_storage>
